0 1 -1.267227
0 6 1.080575
0 36 1.042551
1 2 -0.386297
1 7 0.086855
1 37 -0.263848
2 3 0.429610
2 8 -0.769924
2 38 0.067819
3 4 -0.301505
3 9 1.085591
3 39 0.125714
4 5 -1.483139
4 10 2.345980
4 40 -0.249432
5 0 -0.051706
5 11 2.288040
5 41 -1.423152
6 7 -0.288424
6 12 -1.917884
6 42 -0.568626
7 8 -1.199315
7 13 -0.662125
7 43 -0.524152
8 9 -0.467349
8 14 1.938541
8 44 -0.469473
9 10 0.096598
9 15 -1.684632
9 45 -1.156432
10 11 0.837447
10 16 0.169282
10 46 -0.185011
11 6 0.022259
11 17 -0.889093
11 47 0.611722
12 13 0.125638
12 18 -1.141285
12 48 0.011140
13 14 0.442879
13 19 -1.029543
13 49 0.867518
14 15 -0.557472
14 20 -0.821337
14 50 -1.300463
15 16 -0.344538
15 21 -0.196871
15 51 -0.201029
16 17 -0.777798
16 22 -1.155331
16 52 -1.808712
17 12 0.408649
17 23 0.247150
17 53 -0.479081
18 19 -1.805210
18 24 -2.024059
18 54 0.873339
19 20 -0.561352
19 25 0.004876
19 55 1.173732
20 21 0.166646
20 26 0.235760
20 56 -0.493855
21 22 -0.264039
21 27 -0.845494
21 57 0.747029
22 23 -0.015518
22 28 -0.305794
22 58 -1.757015
23 18 0.817581
23 29 0.475895
23 59 -0.183767
24 25 0.415367
24 30 0.412329
24 60 -0.005850
25 26 -1.233774
25 31 -0.145062
25 61 0.008958
26 27 0.422131
26 32 0.355445
26 62 0.684342
27 28 0.462055
27 33 -1.232408
27 63 0.697787
28 29 0.233548
28 34 0.284903
28 64 -0.321898
29 24 -0.849234
29 35 0.022144
29 65 1.409519
30 0 1.351465
30 31 -0.913145
30 66 1.883751
31 1 -0.494814
31 32 -0.056237
31 67 -0.315128
32 2 -0.253460
32 33 -0.318788
32 68 1.032315
33 3 0.748813
33 34 -0.247668
33 69 -1.137647
34 4 -0.598392
34 35 0.702561
34 70 -0.420049
35 5 0.838409
35 30 -0.552197
35 71 -0.327242
36 37 -0.808782
36 42 1.645654
36 72 -1.234466
37 38 0.801449
37 43 -0.266561
37 73 -0.881096
38 39 -1.337900
38 44 -0.827111
38 74 0.181416
39 40 -2.226596
39 45 0.947127
39 75 -2.023458
40 41 -0.899241
40 46 1.650715
40 76 -0.906198
41 36 -1.435983
41 47 -0.070951
41 77 0.088127
42 43 -0.259594
42 48 -0.921571
42 78 1.438632
43 44 -0.631390
43 49 -1.991094
43 79 1.051883
44 45 -1.732781
44 50 0.734524
44 80 -1.445516
45 46 -0.606151
45 51 -0.473098
45 81 -1.096694
46 47 -0.760624
46 52 -1.566230
46 82 -0.431206
47 42 0.944719
47 53 -1.084306
47 83 -0.194171
48 49 0.724364
48 54 -0.537795
48 84 -0.614850
49 50 0.274612
49 55 0.343439
49 85 0.859518
50 51 -0.687545
50 56 -0.621524
50 86 0.512999
51 52 -0.577775
51 57 -0.125386
51 87 0.819537
52 53 -0.636342
52 58 0.876759
52 88 0.150637
53 48 0.287228
53 59 -0.345662
53 89 -2.547045
54 55 0.408492
54 60 -1.243505
54 90 -0.104686
55 56 -1.134183
55 61 -1.733880
55 91 0.537501
56 57 0.844002
56 62 0.614560
56 92 1.094628
57 58 -0.258292
57 63 -0.902167
57 93 1.672470
58 59 -0.943783
58 64 1.886415
58 94 -1.018066
59 54 -0.818493
59 65 -1.100212
59 95 -0.962491
60 61 -0.637908
60 66 -0.593483
60 96 0.155795
61 62 0.805296
61 67 0.241442
61 97 -0.333424
62 63 0.246505
62 68 1.356554
62 98 -0.464579
63 64 0.323928
63 69 0.214205
63 99 -0.596291
64 65 0.702762
64 70 -0.660527
64 100 -0.002758
65 60 0.600964
65 71 1.251186
65 101 -1.068255
66 36 -0.570419
66 67 -0.200296
66 102 -0.902487
67 37 0.876411
67 68 0.509356
67 103 1.679090
68 38 -0.637046
68 69 -0.819941
68 104 -0.953834
69 39 -1.057840
69 70 1.067523
69 105 -0.222587
70 40 0.231056
70 71 -0.699862
70 106 -0.004937
71 41 -1.381722
71 66 0.394087
71 107 -0.076389
72 73 0.051209
72 78 2.328074
72 108 0.202197
73 74 -1.201417
73 79 -1.456687
73 109 -1.895007
74 75 0.663229
74 80 0.715737
74 110 0.602769
75 76 -0.008900
75 81 1.691606
75 111 -3.085626
76 77 0.498751
76 82 -0.842778
76 112 -1.308928
77 72 1.720971
77 83 -0.899912
77 113 -1.201802
78 79 0.195365
78 84 -0.894883
78 114 -0.397953
79 80 -0.058836
79 85 1.506800
79 115 -0.338470
80 81 0.427510
80 86 0.939058
80 116 0.196547
81 82 0.377173
81 87 2.915524
81 117 -0.582083
82 83 0.219221
82 88 0.211980
82 118 0.331790
83 78 -0.568441
83 89 -1.065587
83 119 0.064059
84 85 -0.244200
84 90 0.390730
84 120 0.115251
85 86 -0.257970
85 91 -0.668209
85 121 1.294186
86 87 0.708402
86 92 -0.551721
86 122 -2.271501
87 88 1.034224
87 93 -0.590283
87 123 0.935269
88 89 1.056308
88 94 0.785005
88 124 0.655489
89 84 -0.610833
89 95 0.218959
89 125 -1.140305
90 91 0.488885
90 96 0.014186
90 126 -0.111631
91 92 -0.827089
91 97 -0.692787
91 127 -0.830778
92 93 -1.771401
92 98 0.159906
92 128 -0.115636
93 94 -0.413470
93 99 -0.528032
93 129 -0.323168
94 95 0.924982
94 100 2.167824
94 130 -0.191813
95 90 -0.686866
95 101 0.078243
95 131 -2.167680
96 97 0.931232
96 102 -0.494921
96 132 -1.956245
97 98 -1.568624
97 103 0.347247
97 133 -1.216221
98 99 0.649308
98 104 1.788604
98 134 1.713672
99 100 1.973667
99 105 2.022739
99 135 -1.471283
100 101 -0.789475
100 106 -0.217527
100 136 0.821633
101 96 -1.554125
101 107 1.476866
101 137 1.125600
102 72 0.296158
102 103 -0.859000
102 138 -0.197135
103 73 -0.861711
103 104 -1.241560
103 139 -0.000600
104 74 0.091226
104 105 0.266584
104 140 1.132870
105 75 0.413050
105 106 0.799703
105 141 -1.607252
106 76 -0.910585
106 107 0.187983
106 142 0.154201
107 77 -0.491836
107 102 -0.288517
107 143 -0.252542
108 109 -0.851558
108 114 -1.042842
108 144 -1.021347
109 110 -1.863622
109 115 -0.790671
109 145 0.215307
110 111 -0.340962
110 116 1.795710
110 146 0.145571
111 112 -0.441917
111 117 -0.392365
111 147 2.150617
112 113 -0.732117
112 118 1.084730
112 148 0.129359
113 108 -0.979238
113 119 -0.426749
113 149 1.124797
114 115 -0.682549
114 120 -0.486224
114 150 -0.681340
115 116 0.998934
115 121 -0.261164
115 151 1.658031
116 117 -0.298934
116 122 0.704575
116 152 0.093613
117 118 0.509584
117 123 0.510751
117 153 1.334923
118 119 0.556649
118 124 -0.007774
118 154 -0.001708
119 114 2.187165
119 125 -0.337650
119 155 0.355108
120 121 -0.703369
120 126 0.286343
120 156 -1.958612
121 122 1.834284
121 127 0.826905
121 157 -0.865070
122 123 1.096946
122 128 -0.322436
122 158 1.965218
123 124 -0.234707
123 129 -1.129771
123 159 0.747027
124 125 -0.861157
124 130 0.245460
124 160 0.600930
125 120 0.931989
125 131 -0.389856
125 161 -0.266927
126 127 -0.216713
126 132 -0.516191
126 162 0.358555
127 128 0.392858
127 133 -1.675240
127 163 0.761909
128 129 -0.529254
128 134 -0.199350
128 164 0.039411
129 130 -0.367770
129 135 -0.407110
129 165 0.510434
130 131 0.490320
130 136 0.830361
130 166 2.586247
131 126 0.150785
131 137 -0.580859
131 167 0.784399
132 133 0.466198
132 138 0.960724
132 168 0.414694
133 134 0.952580
133 139 -0.925373
133 169 -0.917539
134 135 -0.603662
134 140 -0.020669
134 170 -0.113689
135 136 0.860546
135 141 -0.470514
135 171 -0.010730
136 137 0.234212
136 142 -0.391416
136 172 1.192784
137 132 1.623035
137 143 -0.681197
137 173 -2.761027
138 108 0.669432
138 139 -0.388312
138 174 2.144524
139 109 0.075511
139 140 1.185052
139 175 0.467457
140 110 -0.732983
140 141 -0.191964
140 176 -0.399341
141 111 1.069790
141 142 -0.793109
141 177 -0.815210
142 112 0.325496
142 143 -0.184623
142 178 0.129586
143 113 -1.165070
143 138 1.172673
143 179 -0.994762
144 145 -1.030497
144 150 1.106103
144 180 -0.154365
145 146 1.996722
145 151 -1.125956
145 181 0.472369
146 147 0.988860
146 152 -0.069071
146 182 -1.204015
147 148 0.782221
147 153 -0.326472
147 183 1.556145
148 149 1.499327
148 154 1.531218
148 184 0.017720
149 144 -2.089130
149 155 -0.633638
149 185 1.670950
150 151 -1.156202
150 156 -0.627490
150 186 0.717825
151 152 -1.828331
151 157 -1.372096
151 187 -1.494451
152 153 -1.475085
152 158 0.224343
152 188 -0.438570
153 154 0.090251
153 159 -0.090199
153 189 0.283427
154 155 0.227058
154 160 0.512399
154 190 1.216303
155 150 -0.362502
155 161 -2.660808
155 191 0.466973
156 157 0.206462
156 162 -0.091811
156 192 0.325353
157 158 -0.730178
157 163 0.245026
157 193 1.017184
158 159 0.173918
158 164 0.659390
158 194 0.618069
159 160 -0.365957
159 165 1.222008
159 195 -0.750945
160 161 -0.646800
160 166 0.303579
160 196 -0.361348
161 156 1.093271
161 167 -1.047042
161 197 0.945890
162 163 0.449799
162 168 -0.089925
162 198 0.135016
163 164 -1.187170
163 169 0.549570
163 199 -0.049144
164 165 -0.277952
164 170 0.908044
164 200 -0.003935
165 166 -0.812411
165 171 0.365578
165 201 1.560382
166 167 1.472130
166 172 -0.306677
166 202 -0.648375
167 162 0.498306
167 173 -1.833571
167 203 0.868703
168 169 -0.049530
168 174 1.042530
168 204 -0.388427
169 170 1.001149
169 175 -2.542614
169 205 -1.232688
170 171 -0.204277
170 176 1.204870
170 206 0.774150
171 172 -0.218102
171 177 -1.105968
171 207 0.873054
172 173 -1.418761
172 178 -0.319999
172 208 1.561173
173 168 1.888832
173 179 -2.170530
173 209 -0.966595
174 144 -1.394054
174 175 -0.125016
174 210 -0.128640
175 145 1.622222
175 176 0.061009
175 211 -0.900122
176 146 -0.404835
176 177 0.548091
176 212 0.983302
177 147 -0.976502
177 178 0.666133
177 213 -0.547218
178 148 0.000673
178 179 0.352039
178 214 -1.083832
179 149 -0.981918
179 174 -0.822976
179 215 -0.095465
180 0 -0.058282
180 181 -1.395217
180 186 1.502462
181 1 0.546833
181 182 0.341351
181 187 0.840015
182 2 -0.635980
182 183 -0.311969
182 188 0.461947
183 3 -0.629888
183 184 -1.826757
183 189 0.706552
184 4 0.897650
184 185 1.257647
184 190 -1.595734
185 5 -1.808614
185 180 -0.656934
185 191 1.032547
186 6 2.664924
186 187 -1.382979
186 192 0.362497
187 7 0.153155
187 188 -0.658472
187 193 -0.960878
188 8 0.208882
188 189 -0.961092
188 194 0.771915
189 9 1.298710
189 190 -1.309040
189 195 -1.133600
190 10 -0.157615
190 191 -1.759661
190 196 1.247427
191 11 -0.754969
191 186 0.744799
191 197 -1.303528
192 12 0.960571
192 193 -1.261475
192 198 0.539499
193 13 -0.106250
193 194 0.401892
193 199 0.036106
194 14 0.059436
194 195 0.480922
194 200 -0.193793
195 15 0.380527
195 196 -0.858539
195 201 1.802841
196 16 0.569794
196 197 0.324784
196 202 0.432940
197 17 0.742629
197 192 0.240931
197 203 0.494495
198 18 2.206518
198 199 0.032520
198 204 0.150896
199 19 -0.836193
199 200 -0.046699
199 205 1.549601
200 20 0.044920
200 201 -0.085015
200 206 -0.075451
201 21 -1.316578
201 202 -0.711908
201 207 -0.385248
202 22 0.544751
202 203 1.416879
202 208 0.911299
203 23 -1.186158
203 198 -0.344149
203 209 -0.447715
204 24 0.638459
204 205 0.825129
204 210 1.062139
205 25 0.190331
205 206 1.783108
205 211 0.696004
206 26 -0.875778
206 207 0.468955
206 212 0.073568
207 27 0.367404
207 208 0.148098
207 213 0.376631
208 28 -1.030800
208 209 -0.058649
208 214 -1.418005
209 29 1.003707
209 204 0.744985
209 215 1.085369
210 30 0.003884
210 180 -1.352879
210 211 0.652580
211 31 0.474462
211 181 0.379062
211 212 1.134878
212 32 0.785330
212 182 0.350152
212 213 -1.159991
213 33 -0.893770
213 183 -0.413964
213 214 -0.217998
214 34 -0.707663
214 184 0.893685
214 215 0.463103
215 35 1.295202
215 185 -0.936339
215 210 -1.846533
